[history/.dummy_history]
version = 8.1.0
modtime = 1605675180.211574000

[ui-tour/search-tour]
version = 8.1.0
modtime = 1605675181.894786000

[ui-prefs/search]
version = 8.1.0
modtime = 1605897209.432925000
