[history/.dummy_history]
version = 8.1.0
modtime = 1605842944.289701000

[ui-prefs/search]
version = 8.1.0
modtime = 1605843016.932023000
