[app/install/install_source_checksum]
version = 8.0.2.1
modtime = 1586375603.872239000

[datamodels/Meta_Woot_License_Usage]
version = 8.0.2.1
modtime = 1586375978.223794000
