[app/install/install_source_checksum]
version = 8.0.2.1
modtime = 1589760342.007339000

[alert_actions/slack]
version = 8.0.2.1
modtime = 1589761105.127528000

[app/install/is_configured]
version = 8.0.2.1
modtime = 1589761105.132898000
