[history/.dummy_history]
version = 8.1.0
modtime = 1605771648.932526000

[ui-prefs/search]
version = 8.1.0
modtime = 1605843977.834041000

[savedsearches/Lookup%20File%20Size%20Timechart]
version = 8.1.0
modtime = 1605844105.953143000
